     1  2  3  4  5  6  7  8
   ------------------------
1|  48 59 56 63 46 61 26 37
2|  57 64 47 60 55 38 15 28
3|  52 49 58 45 62 27 36 25
4|  41 44 51 54 39 16 29 14
5|  50 53 40 43 30 35 24 17
6|   3 42 31 20 23  8 13 10
7|  32 21  2  5 34 11 18  7
8|   1  4 33 22 19  6  9 12


     1  2  3  4  5  6  7  8
   ------------------------
1|  54 17 20  9 52 37 22  7
2|  19 10 53 48 21  8 39 36
3|  16 55 18 61 38 51  6 23
4|  11 30 49 58 47 60 35 40
5|  56 15 62 31 50 41 24  5
6|  29 12 57 46 59 32 43 34
7|  14 63  2 27 42 45  4 25
8|   1 28 13 64  3 26 33 44

     1  2  3  4  5  6  7  8
   ------------------------
1|   7 10 31 56 41 12 29 26
2|  32 61  8 11 30 27 40 13
3|   9  6 57 62 55 42 25 28
4|  60 33 64 37 58 47 14 39
5|   5 20 59 54 63 38 43 24
6|  34 51 36 21 48 53 46 15
7|  19  4 49 52 17  2 23 44
8|  50 35 18  3 22 45 16  1


     1  2  3  4  5  6  7  8
   ------------------------
1|   7 36 23 42  5 38 25 40
2|  22 51  6 37 24 41  4 47
3|  35  8 43 52 49 46 39 26
4|  60 21 50 33 44 27 48  3
5|   9 34 59 62 53 32 45 28
6|  20 61 18 31 58 55  2 13
7|  17 10 63 54 15 12 29 56
8|  64 19 16 11 30 57 14  1

     1  2  3  4  5  6  7  8
   ------------------------
1|  38 41 18  3 22 49 16  1
2|  19  4 39 50 17  2 23 48
3|  40 37 42 21 52 45 58 15
4|   5 20 51 44 57 54 47 24
5|  36 43 56 53 46 63 14 59
6|   9  6 33 64 55 60 25 28
7|  32 35  8 11 30 27 62 13
8|   7 10 31 34 61 12 29 26

     1  2  3  4  5  6  7  8
   ------------------------
1|   1 34  3 18 37 32 13 16
2|   4 19 36 33 14 17 38 31
3|  35  2 41 44 39 56 15 12
4|  20  5 50 57 42 45 30 55
5|  49 58 43 40 51 62 11 26
6|   6 21 60 63 46 27 54 29
7|  59 48 23  8 61 52 25 10
8|  22  7 64 47 24  9 28 53


     1  2  3  4  5  6  7  8
   ------------------------
1|   7 64 27 12  5 10 17 22
2|  28 13  6  9 16 21  4 19
3|  63  8 15 26 11 18 23 36
4|  14 29 62 41 24 35 20  3
5|  61 42 25 52 57 46 37 34
6|  30 51 58 45 40 33  2 55
7|  43 60 49 32 53 56 47 38
8|  50 31 44 59 48 39 54  1